37 42 44 61 62 
18 42 54 83 89 
5 12 31 53 60 
1 28 47 56 70 
54 56 57 59 71 
7 21 33 39 86 
21 29 37 48 68 
10 21 29 40 87 
13 33 73 77 78 
2 23 65 71 84 
3 21 28 30 33 
23 31 42 73 85 
4 23 42 61 64 
17 60 66 71 85 
12 60 66 67 72 
46 50 58 62 76 
20 32 43 65 73 
55 56 58 61 71 
18 38 41 67 89 
32 41 59 66 79 
25 35 37 74 86 
1 45 60 61 82 
7 20 35 58 83 
7 37 40 46 51 
2 6 47 74 80 
1 5 22 44 88 
23 33 34 71 89 
4 56 74 77 89 
17 18 51 52 75 
7 29 30 77 80 
17 18 28 35 90 
6 24 25 53 79 
7 12 18 38 90 
25 28 45 55 74 
10 29 60 74 86 
7 24 25 50 76 
20 40 52 54 90 
16 30 81 83 87 
20 22 23 50 67 
59 68 75 80 85 
32 45 55 70 78 
13 40 55 56 76 
3 14 24 73 83 
23 25 28 66 76 
24 33 34 39 54 
12 28 34 61 70 
1 4 8 69 74 
4 15 46 49 59 
24 31 67 71 73 
12 26 36 46 49 
9 20 21 59 68 
11 24 34 64 89 
